[gd_scene load_steps=2 format=3 uid="uid://s4olgswjv7ui"]

[sub_resource type="CapsuleMesh" id="CapsuleMesh_dmivd"]
radius = 0.231
height = 3.0
radial_segments = 4
rings = 1

[node name="Bed" type="Node3D"]

[node name="WoodTrunk1" type="CSGMesh3D" parent="."]
transform = Transform3D(0.707107, 3.09086e-08, 0.707107, 0.707107, -3.09086e-08, -0.707107, 0, 1, -4.37114e-08, -0.493833, 0, 0)
mesh = SubResource("CapsuleMesh_dmivd")

[node name="WoodTrunk2" type="CSGMesh3D" parent="."]
transform = Transform3D(0.707107, 3.09086e-08, 0.707107, 0.707107, -3.09086e-08, -0.707107, 0, 1, -4.37114e-08, -0.165413, 0, 0)
mesh = SubResource("CapsuleMesh_dmivd")

[node name="WoodTrunk3" type="CSGMesh3D" parent="."]
transform = Transform3D(0.707107, 3.09086e-08, 0.707107, 0.707107, -3.09086e-08, -0.707107, 0, 1, -4.37114e-08, 0.169066, 0, 0)
mesh = SubResource("CapsuleMesh_dmivd")

[node name="WoodTrunk4" type="CSGMesh3D" parent="."]
transform = Transform3D(0.707107, 3.09086e-08, 0.707107, 0.707107, -3.09086e-08, -0.707107, 0, 1, -4.37114e-08, 0.506576, 0, 0)
mesh = SubResource("CapsuleMesh_dmivd")
